[Profile]
     Title="Anolis marmoratus trinucleotide repeats"
     NbSamples=3
     GenotypicData=1
     GameticPhase=0
     RecessiveData=0
     DataType=MICROSAT
     LocusSeparator=WHITESPACE
     MissingData='?'
     CompDistMatrix=1
[Data]
  [[Samples]]   #Data for 41Loci: 10FB12 10RB9 10RC10 11FA9 11FF9 11RF7 11RG3 12FF12 12RH3 13RA12 13RD10 13RG2 14FD11 14RB7 15FB12 15FB9 15FE8 16FA5 16FD5 1FC6 1FH5 3RD8 4FA6 5FC6 5FH11 5RC8 5RF8 6FC5 6FD10 6FD2 6RE7 6RH1 7FC1 7FF7 7RC5 7RH10 8RB10 8RB4 8RB7 8RG7 9FA11 
     SampleName="Pop1"
     SampleSize=5
     SampleData=     {
       CEJ_12     1  176 239 233 199 220 229 252 210 228 258 193 246 ? 213 214 157 265 254 209 191 170 198 240 181 163 245 186 ? 215 173 262 236 264 240 227 225 164 186 266 245 182
                     176 245 248 208 220 238 252 213 234 261 193 249 ? 216 214 169 265 254 212 197 179 198 249 181 172 245 201 ? 227 179 262 239 267 240 242 258 164 186 266 251 182
       CEJ_14     1  176 233 248 199 223 235 252 207 237 264 193 243 275 216 214 157 265 254 209 191 170 198 246 181 169 ? 186 ? ? 173 ? 236 ? 237 227 225 161 186 251 239 182
                     176 242 248 214 226 241 264 207 243 264 193 243 275 216 214 169 265 254 212 191 182 198 252 181 172 ? 189 ? ? 173 ? 239 ? 237 242 231 164 186 266 248 182
       CEJ_15     1  176 239 ? ? 217 244 252 204 ? ? 193 243 275 216 214 157 265 254 209 ? 170 198 ? 181 160 ? 189 ? 206 173 262 233 264 237 227 228 164 186 266 ? 182
                     176 239 ? ? 217 244 252 210 ? ? 193 249 278 219 214 169 265 254 212 ? 182 198 ? 181 160 ? 195 ? 224 173 262 236 267 237 242 237 164 186 266 ? 182
       CEJ_16     1  176 236 248 199 238 244 252 210 222 258 193 ? 275 216 214 157 265 254 209 191 170 198 243 181 172 245 189 ? 200 173 262 236 ? 237 227 225 ? 186 266 245 182
                     176 242 248 205 238 244 252 210 234 261 193 ? 275 219 214 169 265 254 212 191 173 198 267 181 172 245 198 ? 200 173 262 236 ? 240 242 231 ? 186 266 254 182
       CEJ_20     1  176 233 245 199 223 235 249 210 231 258 187 258 275 216 214 157 265 254 209 191 167 198 240 181 163 245 180 207 217 167 262 233 ? 237 227 228 164 186 266 242 182
                     176 233 266 211 226 241 261 213 246 261 187 258 278 219 214 169 265 254 212 191 170 198 258 181 169 245 198 216 217 173 262 236 ? 240 242 246 164 186 266 251 182
     }
     SampleName="Pop2"
     SampleSize=6
     SampleData=     {
       CEJ_111    1  209 ? 251 199 229 238 ? 210 ? 261 178 237 275 ? 214 157 265 254 209 191 185 198 237 181 163 245 189 ? 206 164 262 233 264 237 227 228 161 186 266 251 182
                     212 ? 254 199 229 244 ? 216 ? 264 190 249 275 ? 214 169 265 254 212 191 191 198 246 181 166 245 192 ? 212 173 262 239 267 237 242 246 164 186 266 251 182
       CEJ_112    1  194 ? 248 199 232 238 249 210 228 258 181 249 275 213 214 157 265 254 209 191 167 198 237 181 ? 245 186 194 209 173 262 236 264 237 227 243 161 186 266 245 182
                     209 ? 248 199 235 241 252 216 231 261 193 255 278 216 214 169 265 254 212 191 170 198 249 181 ? 245 189 210 212 173 262 236 264 237 242 246 164 186 266 248 182
       CEJ_113    1  176 233 248 199 229 241 252 210 222 261 181 252 272 216 214 157 265 254 209 191 167 198 240 181 163 245 180 207 212 173 262 230 ? 237 227 240 161 186 266 239 182
                     176 245 248 208 232 241 252 213 234 261 184 252 275 216 214 169 265 254 212 191 167 198 258 181 172 245 186 207 221 173 262 236 ? 240 242 240 161 186 266 248 182
       CEJ_114    1  176 233 251 202 235 235 249 210 234 261 178 243 275 216 214 157 265 254 209 191 188 198 246 181 163 245 183 207 197 173 262 236 264 237 227 228 164 186 266 248 182
                     185 236 254 206 238 241 252 216 234 261 184 255 278 219 214 169 265 254 212 191 194 198 252 181 163 245 186 216 230 179 262 239 264 243 242 240 164 186 266 254 182
       CEJ_120    1  206 ? 248 205 232 247 252 210 228 258 181 249 ? 213 214 157 265 254 209 191 179 198 240 181 163 245 198 202 203 ? 262 233 ? 234 227 228 161 186 266 248 182
                     206 ? 251 205 232 247 252 216 231 261 193 255 ? 216 214 169 265 254 212 191 188 198 246 181 172 245 201 205 212 ? 262 239 ? 234 242 228 161 186 266 251 182
       CEJ_121    1  176 ? 254 202 232 238 249 210 222 258 193 243 275 216 214 157 265 254 209 191 182 198 240 181 163 245 189 198 212 173 262 236 264 237 227 228 161 186 266 248 182
                     176 ? 254 208 232 238 252 213 243 261 199 264 275 216 214 169 265 254 212 191 188 198 255 181 166 245 192 204 212 179 262 239 264 237 242 246 164 186 266 251 182
     }
     SampleName="Pop3"
     SampleSize=5
     SampleData=     {
       CEJ_73     1  176 ? 245 199 235 232 252 ? 228 261 ? 237 275 213 214 169 265 254 209 191 188 198 240 181 160 245 180 210 206 173 262 233 261 237 227 228 161 186 266 248 182
                     200 ? 248 208 235 235 252 ? 243 264 ? 243 275 216 214 172 265 254 212 191 188 198 246 181 163 245 186 210 224 173 262 236 264 237 242 249 164 186 266 251 182
       CEJ_74     1  206 239 248 202 229 238 249 204 234 261 ? 249 ? 216 214 157 265 254 209 191 179 198 243 181 ? 248 177 201 212 173 262 236 ? 237 227 ? 164 186 266 242 182
                     206 245 260 205 235 238 252 210 234 264 ? 255 ? 216 214 169 265 254 212 191 182 198 261 181 ? 248 195 210 212 173 262 236 ? 240 242 ? 164 186 266 248 182
       CEJ_76     1  164 233 ? 193 235 238 252 210 ? 258 202 249 ? 219 214 157 265 254 209 191 170 198 243 181 169 245 183 201 203 173 262 236 267 237 227 228 161 186 266 248 182
                     176 236 ? 202 238 241 258 213 ? 261 202 258 ? 219 214 169 265 254 212 191 182 198 246 181 169 245 192 204 206 173 262 233 267 240 242 234 164 186 266 251 182
       CEJ_90     1  176 248 245 199 223 244 252 210 231 261 ? 246 272 216 214 157 265 254 209 191 167 198 228 181 163 245 177 204 209 167 262 230 258 237 227 228 161 186 266 236 182
                     176 251 248 205 226 244 252 213 231 261 ? 255 275 216 214 169 265 254 212 191 185 198 264 181 163 245 186 207 209 173 262 236 258 237 242 228 164 186 266 251 182
       CEJ_91     1  206 251 248 199 226 232 252 210 231 258 187 255 275 213 214 157 265 254 209 191 167 198 249 181 169 245 183 210 206 173 262 236 264 237 227 231 161 186 266 242 182
                     209 251 248 199 226 232 252 213 231 261 187 261 281 216 214 169 265 254 212 191 188 198 255 181 172 245 198 216 212 173 262 239 267 240 242 231 164 186 266 245 182
     }
[[Structure]]
     StructureName="Anolis marmoratus trinucleotide repeats Structure"
     NbGroups=1
     IndividualLevel=0
     Group= {
                 "Pop1"
                 "Pop2"
                 "Pop3"
     }
